1575337859374899 90.000000
1575337859386229 90.000000
1575337859397483 90.000000
1575337859408682 90.000000
1575337859419930 90.000000
1575337859431184 90.000000
1575337859442432 90.000000
1575337859453687 90.000000
1575337859464942 90.000000
1575337859476195 90.000000
1575337859487444 90.000000
1575337859498701 90.000000
1575337859509952 90.000000
1575337859521199 90.000000
1575337859532445 90.000000
1575337859543692 90.000000
1575337859554941 90.000000
1575337859566191 90.000000
1575337859577443 90.000000
1575337859586876 429496608.000000
1575337859586965 858993152.000000
1575337859587034 1288489728.000000
1575337859587098 1717986304.000000
1575337859587162 2147482880.000000
1575337859587226 2576979456.000000
1575337859587290 3006476032.000000
1575337859587353 3435972608.000000
1575337859587416 3865469184.000000
1575337859587480 4294965760.000000
1575337859587543 4724462080.000000
1575337859587608 5153958400.000000
1575337859587671 5583454720.000000
1575337859587734 6012951040.000000
1575337859587797 6442447360.000000
1575337859587860 6871943680.000000
1575337859587924 7301440000.000000
1575337859587987 7730936320.000000
1575337859588050 8160432640.000000
1575337859588114 8589928960.000000
1575337859588177 9019425792.000000
1575337859588240 9448922112.000000
1575337859588303 9878418432.000000
1575337859588366 10307914752.000000
1575337859588429 10737411072.000000
1575337859588493 11166907392.000000
1575337859588545 11596403712.000000
1575337859588611 12025900032.000000
1575337859588675 12455396352.000000
1575337859588738 12884892672.000000
1575337859588802 13314388992.000000
1575337859588866 13743885312.000000
1575337859588930 14173381632.000000
1575337859588994 14602877952.000000
1575337859589058 15032374272.000000
1575337859589121 15461870592.000000
1575337859589185 15891366912.000000
1575337859589248 16320863232.000000
1575337859589311 16750359552.000000
1575337859589374 17179855872.000000
1575337859589437 17609353216.000000
1575337859589501 18038849536.000000
1575337859589564 18468345856.000000
1575337859589628 18897842176.000000
1575337859589691 19327338496.000000
1575337859589754 19756834816.000000
1575337859589817 20186331136.000000
1575337859589881 20615827456.000000
1575337859589945 21045323776.000000
1575337859590008 21474820096.000000
1575337859590072 21904316416.000000
1575337859590136 22333812736.000000
1575337859590200 22763309056.000000
1575337859590263 23192805376.000000
1575337859590326 23622301696.000000
1575337859590390 24051798016.000000
1575337859590453 24481294336.000000
1575337859590516 24910790656.000000
1575337859590580 25340286976.000000
1575337859590643 25769783296.000000
1575337859590707 26199279616.000000
1575337859590771 26628775936.000000
1575337859590833 27058272256.000000
1575337859590897 27487768576.000000
1575337859590960 27917264896.000000
1575337859591023 28346761216.000000
1575337859591087 28776257536.000000
1575337859591150 29205753856.000000
1575337859591212 29635250176.000000
1575337859591276 30064746496.000000
1575337859591339 30494242816.000000
1575337859591403 30923739136.000000
1575337859591466 31353235456.000000
1575337859591529 31782731776.000000
1575337859591593 32212228096.000000
1575337859591658 32641724416.000000
1575337859591721 33071220736.000000
1575337859591787 33500717056.000000
1575337859591850 33930213376.000000
1575337859591913 34359709696.000000
1575337859591976 34789208064.000000
1575337859592041 35218706432.000000
1575337859592105 35648204800.000000
1575337859592168 36077703168.000000
1575337859592240 36507201536.000000
1575337859592295 36936699904.000000
1575337859592351 37366198272.000000
1575337859592406 37795696640.000000
1575337859592461 38225195008.000000
1575337859592517 38654693376.000000
1575337859592535 39084191744.000000
1575337859592592 39513690112.000000
1575337859592648 39943188480.000000
1575337859592703 40372686848.000000
1575337859592759 40802185216.000000
1575337859592816 41231683584.000000
1575337859592871 41661181952.000000
1575337859592927 42090680320.000000
1575337859592982 42520178688.000000
1575337859593038 42949677056.000000
1575337859593093 43379175424.000000
1575337859593148 43808673792.000000
1575337859593204 44238172160.000000
1575337859593259 44667670528.000000
1575337859593314 45097168896.000000
1575337859593370 45526667264.000000
1575337859593425 45956165632.000000
1575337859593481 46385664000.000000
1575337859593536 46815162368.000000
1575337859593591 47244660736.000000
1575337859593647 47674159104.000000
1575337859593702 48103657472.000000
1575337859593757 48533155840.000000
1575337859593812 48962654208.000000
1575337859593867 49392152576.000000
1575337859593923 49821650944.000000
1575337859593978 50251149312.000000
1575337859594033 50680647680.000000
1575337859594089 51110146048.000000
1575337859594144 51539644416.000000
1575337859594199 51969142784.000000
1575337859594255 52398641152.000000
1575337859594310 52828139520.000000
1575337859594366 53257637888.000000
1575337859594422 53687136256.000000
1575337859594477 54116634624.000000
1575337859594532 54546132992.000000
1575337859594587 54975631360.000000
1575337859594643 55405129728.000000
1575337859594698 55834628096.000000
1575337859594753 56264126464.000000
1575337859594809 56693624832.000000
1575337859594864 57123123200.000000
1575337859594919 57552621568.000000
1575337859594975 57982119936.000000
1575337859595030 58411618304.000000
1575337859595085 58841116672.000000
1575337859595141 59270615040.000000
1575337859595196 59700113408.000000
1575337859595251 60129611776.000000
1575337859595307 60559110144.000000
1575337859595362 60988608512.000000
1575337859595417 61418106880.000000
1575337859595472 61847605248.000000
1575337859595528 62277103616.000000
1575337859595583 62706601984.000000
1575337859595638 63136100352.000000
1575337859595693 63565598720.000000
1575337859595748 63995097088.000000
1575337859595804 64424595456.000000
1575337859595859 64854093824.000000
1575337859595914 65283592192.000000
1575337859595969 65713090560.000000
1575337859596025 66142588928.000000
1575337859596080 66572087296.000000
1575337859596136 67001585664.000000
1575337859596191 67431084032.000000
1575337859596247 67860582400.000000
1575337859596302 68290080768.000000
1575337859596358 68719575040.000000
1575337859596413 69149073408.000000
1575337859596468 69578571776.000000
1575337859596524 70008070144.000000
1575337859596536 70437568512.000000
1575337859596592 70867066880.000000
1575337859596648 71296565248.000000
1575337859596703 71726063616.000000
1575337859596758 72155561984.000000
1575337859596813 72585060352.000000
1575337859596868 73014558720.000000
1575337859596924 73444057088.000000
1575337859596979 73873555456.000000
1575337859597034 74303053824.000000
1575337859597089 74732552192.000000
1575337859597145 75162050560.000000
1575337859597202 75591548928.000000
1575337859597258 76021047296.000000
1575337859597313 76450545664.000000
1575337859597368 76880044032.000000
1575337859597423 77309542400.000000
1575337859597479 77739040768.000000
1575337859597534 78168539136.000000
1575337859597589 78598037504.000000
1575337859597644 79027535872.000000
1575337859597700 79457034240.000000
1575337859597755 79886532608.000000
1575337859597810 80316030976.000000
1575337859597866 80745529344.000000
1575337859597921 81175027712.000000
1575337859597977 81604526080.000000
1575337859598032 82034024448.000000
1575337859598087 82463522816.000000
1575337859598142 82893021184.000000
1575337859598198 83322519552.000000
1575337859598253 83752017920.000000
1575337859598308 84181516288.000000
1575337859598363 84611014656.000000
1575337859598419 85040513024.000000
1575337859598474 85470011392.000000
1575337859598529 85899509760.000000
1575337859598584 86329008128.000000
1575337859598639 86758506496.000000
1575337859598695 87188004864.000000
1575337859598750 87617503232.000000
1575337859598805 88047001600.000000
1575337859598860 88476499968.000000
1575337859598916 88905998336.000000
1575337859598971 89335496704.000000
1575337859599026 89764995072.000000
1575337859599081 90194493440.000000
1575337859599137 90623991808.000000
1575337859599192 91053490176.000000
1575337859599247 91482988544.000000
1575337859599302 91912486912.000000
1575337859599358 92341985280.000000
1575337859599424 92771483648.000000
1575337859599480 93200982016.000000
1575337859599535 93630480384.000000
1575337859599591 94059978752.000000
1575337859599647 94489477120.000000
1575337859599733 94918975488.000000
1575337859599798 95348473856.000000
1575337859599854 95777972224.000000
1575337859599910 96207470592.000000
1575337859599965 96636968960.000000
1575337859600020 97066467328.000000
1575337859600075 97495965696.000000
1575337859600130 97925464064.000000
1575337859600186 98354962432.000000
1575337859600241 98784460800.000000
1575337859600297 99213959168.000000
1575337859600352 99643457536.000000
1575337859600408 100072955904.000000
1575337859600464 100502454272.000000
1575337859600519 100931952640.000000
1575337859600539 101361451008.000000
1575337859600596 101790949376.000000
1575337859600652 102220447744.000000
1575337859600707 102649946112.000000
1575337859600763 103079444480.000000
1575337859600819 103508942848.000000
1575337859600874 103938441216.000000
1575337859600930 104367939584.000000
1575337859600985 104797437952.000000
1575337859601041 105226936320.000000
1575337859601097 105656434688.000000
1575337859601152 106085933056.000000
1575337859601208 106515431424.000000
1575337859601263 106944929792.000000
1575337859601319 107374428160.000000
1575337859601375 107803926528.000000
1575337859601430 108233424896.000000
1575337859601486 108662923264.000000
1575337859601541 109092421632.000000
1575337859601597 109521920000.000000
1575337859601652 109951418368.000000
1575337859601708 110380916736.000000
1575337859601763 110810415104.000000
1575337859601819 111239913472.000000
1575337859601875 111669411840.000000
1575337859601930 112098910208.000000
1575337859601986 112528408576.000000
1575337859602041 112957906944.000000
1575337859602096 113387405312.000000
1575337859602152 113816903680.000000
1575337859602207 114246402048.000000
1575337859602263 114675900416.000000
1575337859602319 115105398784.000000
1575337859602374 115534897152.000000
1575337859602430 115964395520.000000
1575337859602486 116393893888.000000
1575337859602541 116823392256.000000
1575337859602597 117252890624.000000
1575337859602653 117682388992.000000
1575337859602708 118111887360.000000
1575337859602764 118541385728.000000
1575337859602820 118970884096.000000
1575337859602875 119400382464.000000
1575337859602931 119829880832.000000
1575337859602987 120259379200.000000
1575337859603042 120688877568.000000
1575337859603098 121118375936.000000
1575337859603153 121547874304.000000
1575337859603209 121977372672.000000
1575337859603264 122406871040.000000
1575337859603320 122836369408.000000
1575337859603376 123265867776.000000
1575337859603431 123695366144.000000
1575337859603487 124124864512.000000
1575337859603542 124554362880.000000
1575337859603598 124983861248.000000
1575337859603653 125413359616.000000
1575337859603709 125842857984.000000
1575337859603765 126272356352.000000
1575337859603821 126701854720.000000
1575337859603876 127131353088.000000
1575337859603932 127560851456.000000
1575337859603987 127990349824.000000
1575337859604043 128419848192.000000
1575337859604098 128849346560.000000
1575337859604154 129278844928.000000
1575337859604209 129708343296.000000
1575337859604265 130137841664.000000
1575337859604320 130567340032.000000
1575337859604376 130996838400.000000
1575337859604431 131426336768.000000
1575337859604487 131855835136.000000
1575337859604537 132285333504.000000
1575337859604593 132714831872.000000
1575337859604649 133144330240.000000
1575337859604705 133573828608.000000
1575337859604761 134003326976.000000
1575337859604816 134432825344.000000
1575337859604872 134862323712.000000
1575337859604927 135291822080.000000
1575337859604983 135721320448.000000
1575337859605039 136150818816.000000
1575337859605094 136580317184.000000
1575337859605150 137009815552.000000
1575337859605206 137439313920.000000
1575337859605262 137868804096.000000
1575337859605318 138298294272.000000
1575337859605374 138727784448.000000
1575337859605431 139157274624.000000
1575337859605487 139586764800.000000
1575337859605543 140016254976.000000
1575337859605599 140445745152.000000
1575337859605656 140875235328.000000
1575337859605712 141304725504.000000
1575337859605768 141734215680.000000
1575337859605826 142163705856.000000
1575337859605882 142593196032.000000
1575337859605938 143022686208.000000
1575337859605995 143452176384.000000
1575337859606051 143881666560.000000
1575337859606107 144311156736.000000
1575337859606163 144740646912.000000
1575337859606220 145170137088.000000
1575337859606276 145599627264.000000
1575337859606332 146029117440.000000
1575337859606388 146458607616.000000
1575337859606444 146888097792.000000
1575337859606500 147317587968.000000
1575337859606556 147747078144.000000
1575337859606613 148176568320.000000
1575337859606669 148606058496.000000
1575337859606725 149035548672.000000
1575337859606782 149465038848.000000
1575337859606838 149894529024.000000
1575337859606894 150324019200.000000
1575337859606950 150753509376.000000
1575337859607006 151182999552.000000
1575337859607062 151612489728.000000
1575337859607118 152041979904.000000
1575337859607174 152471470080.000000
1575337859607231 152900960256.000000
1575337859607287 153330450432.000000
1575337859607343 153759940608.000000
1575337859607399 154189430784.000000
1575337859607455 154618920960.000000
1575337859607511 155048411136.000000
1575337859607567 155477901312.000000
1575337859607624 155907391488.000000
1575337859607680 156336881664.000000
1575337859607736 156766371840.000000
1575337859607792 157195862016.000000
1575337859607849 157625352192.000000
1575337859607905 158054842368.000000
1575337859607961 158484332544.000000
1575337859608017 158913822720.000000
1575337859608073 159343312896.000000
1575337859608129 159772803072.000000
1575337859608186 160202293248.000000
1575337859608241 160631783424.000000
1575337859608298 161061273600.000000
1575337859608354 161490763776.000000
1575337859608410 161920253952.000000
1575337859608466 162349744128.000000
1575337859608522 162779234304.000000
1575337859608537 163208724480.000000
1575337859608594 163638214656.000000
1575337859608651 164067704832.000000
1575337859608707 164497195008.000000
1575337859608763 164926685184.000000
1575337859608819 165356175360.000000
1575337859608876 165785665536.000000
1575337859608932 166215155712.000000
1575337859608988 166644645888.000000
1575337859609044 167074136064.000000
1575337859609101 167503626240.000000
1575337859609157 167933116416.000000
1575337859609213 168362606592.000000
1575337859609269 168792096768.000000
1575337859609326 169221586944.000000
1575337859609382 169651077120.000000
1575337859609438 170080567296.000000
1575337859609494 170510057472.000000
1575337859609551 170939547648.000000
1575337859609607 171369037824.000000
1575337859609664 171798528000.000000
1575337859609720 172228018176.000000
1575337859609776 172657508352.000000
1575337859609832 173086998528.000000
1575337859609888 173516488704.000000
1575337859609945 173945978880.000000
1575337859610001 174375469056.000000
1575337859610057 174804959232.000000
1575337859610113 175234449408.000000
1575337859610170 175663939584.000000
1575337859610227 176093429760.000000
1575337859610283 176522919936.000000
1575337859610340 176952410112.000000
1575337859610397 177381900288.000000
1575337859610454 177811390464.000000
1575337859610511 178240880640.000000
1575337859610568 178670370816.000000
1575337859610625 179099860992.000000
1575337859610681 179529351168.000000
1575337859610738 179958841344.000000
1575337859610795 180388331520.000000
1575337859610852 180817821696.000000
1575337859610909 181247311872.000000
1575337859610966 181676802048.000000
1575337859611023 182106292224.000000
1575337859611080 182535782400.000000
1575337859611136 182965272576.000000
1575337859611193 183394762752.000000
1575337859611250 183824252928.000000
1575337859611307 184253743104.000000
1575337859611364 184683233280.000000
1575337859611420 185112723456.000000
1575337859611477 185542213632.000000
1575337859611534 185971703808.000000
1575337859611591 186401193984.000000
1575337859611648 186830684160.000000
1575337859611705 187260174336.000000
1575337859611773 187689664512.000000
1575337859611831 188119154688.000000
1575337859611889 188548644864.000000
1575337859611946 188978135040.000000
1575337859612004 189407625216.000000
1575337859612061 189837115392.000000
1575337859612117 190266605568.000000
1575337859612174 190696095744.000000
1575337859612231 191125585920.000000
1575337859612288 191555076096.000000
1575337859612345 191984566272.000000
1575337859612401 192414056448.000000
1575337859612458 192843546624.000000
1575337859612515 193273036800.000000
1575337859612542 193702526976.000000
1575337859612600 194132017152.000000
1575337859612657 194561507328.000000
1575337859612714 194990997504.000000
1575337859612771 195420487680.000000
1575337859612828 195849977856.000000
1575337859612884 196279468032.000000
1575337859612942 196708958208.000000
1575337859612998 197138448384.000000
1575337859613056 197567938560.000000
1575337859613112 197997428736.000000
1575337859613169 198426918912.000000
1575337859613226 198856409088.000000
1575337859613283 199285899264.000000
1575337859613340 199715389440.000000
1575337859613397 200144879616.000000
1575337859613454 200574369792.000000
1575337859613510 201003859968.000000
1575337859613567 201433350144.000000
1575337859613624 201862840320.000000
1575337859613681 202292330496.000000
1575337859613738 202721820672.000000
1575337859613794 203151310848.000000
1575337859613851 203580801024.000000
1575337859613908 204010291200.000000
1575337859613965 204439781376.000000
1575337859614022 204869271552.000000
1575337859614079 205298761728.000000
1575337859614136 205728251904.000000
1575337859614193 206157742080.000000
1575337859614249 206587232256.000000
1575337859614306 207016722432.000000
1575337859614363 207446212608.000000
1575337859614420 207875702784.000000
1575337859614477 208305192960.000000
1575337859614534 208734683136.000000
1575337859614590 209164173312.000000
1575337859614647 209593663488.000000
1575337859614704 210023153664.000000
1575337859614761 210452643840.000000
1575337859614818 210882134016.000000
1575337859614874 211311624192.000000
1575337859614931 211741114368.000000
1575337859614988 212170604544.000000
1575337859615045 212600094720.000000
1575337859615102 213029584896.000000
1575337859615159 213459075072.000000
1575337859615216 213888565248.000000
1575337859615274 214318055424.000000
1575337859615332 214747545600.000000
1575337859615389 215177035776.000000
1575337859615448 215606525952.000000
1575337859615505 216036016128.000000
1575337859615563 216465506304.000000
1575337859615621 216894996480.000000
1575337859615678 217324486656.000000
1575337859615736 217753976832.000000
1575337859615794 218183467008.000000
1575337859615851 218612957184.000000
1575337859615909 219042447360.000000
1575337859615967 219471937536.000000
1575337859616024 219901427712.000000
1575337859616082 220330917888.000000
1575337859616140 220760408064.000000
1575337859616198 221189898240.000000
1575337859616255 221619388416.000000
1575337859616313 222048878592.000000
1575337859616371 222478368768.000000
1575337859616428 222907858944.000000
1575337859616486 223337349120.000000
1575337859616539 223766839296.000000
1575337859616598 224196329472.000000
1575337859616657 224625819648.000000
1575337859616714 225055309824.000000
1575337859616772 225484800000.000000
1575337859616829 225914290176.000000
1575337859616887 226343780352.000000
1575337859616945 226773270528.000000
1575337859617003 227202760704.000000
1575337859617060 227632250880.000000
1575337859617117 228061741056.000000
1575337859617175 228491231232.000000
1575337859617233 228920721408.000000
1575337859617325 229350211584.000000
1575337859617398 229779701760.000000
1575337859617457 230209191936.000000
1575337859617515 230638682112.000000
1575337859617573 231068172288.000000
1575337859617631 231497662464.000000
1575337859617689 231927152640.000000
1575337859617746 232356642816.000000
1575337859617804 232786132992.000000
1575337859617862 233215623168.000000
1575337859617919 233645113344.000000
1575337859617977 234074603520.000000
1575337859618035 234504093696.000000
1575337859618092 234933583872.000000
1575337859618150 235363074048.000000
1575337859618208 235792564224.000000
1575337859618265 236222054400.000000
1575337859618323 236651544576.000000
1575337859618381 237081034752.000000
1575337859618439 237510524928.000000
1575337859618496 237940015104.000000
1575337859618554 238369505280.000000
1575337859618611 238798995456.000000
1575337859618669 239228485632.000000
1575337859618727 239657975808.000000
1575337859618784 240087465984.000000
1575337859618842 240516956160.000000
1575337859618900 240946446336.000000
1575337859618958 241375936512.000000
1575337859619015 241805426688.000000
1575337859619072 242234916864.000000
1575337859619130 242664407040.000000
1575337859619188 243093897216.000000
1575337859619245 243523387392.000000
1575337859619303 243952877568.000000
1575337859619361 244382367744.000000
1575337859619418 244811857920.000000
1575337859619476 245241348096.000000
1575337859619533 245670838272.000000
1575337859619591 246100328448.000000
1575337859619648 246529818624.000000
1575337859619706 246959308800.000000
1575337859619764 247388798976.000000
1575337859619822 247818289152.000000
1575337859619879 248247779328.000000
1575337859619938 248677269504.000000
1575337859619996 249106759680.000000
1575337859620053 249536249856.000000
1575337859620111 249965740032.000000
1575337859620169 250395230208.000000
1575337859620228 250824720384.000000
1575337859620287 251254210560.000000
1575337859620345 251683700736.000000
1575337859620404 252113190912.000000
1575337859620463 252542681088.000000
1575337859620521 252972171264.000000
1575337859620541 253401661440.000000
1575337859620602 253831151616.000000
1575337859620660 254260641792.000000
1575337859620720 254690131968.000000
1575337859620778 255119622144.000000
1575337859620838 255549112320.000000
1575337859620896 255978602496.000000
1575337859620955 256408092672.000000
1575337859621014 256837582848.000000
1575337859621072 257267073024.000000
1575337859621131 257696563200.000000
1575337859621190 258126053376.000000
1575337859621248 258555543552.000000
1575337859621307 258985033728.000000
1575337859621366 259414523904.000000
1575337859621425 259844014080.000000
1575337859621484 260273504256.000000
1575337859621542 260702994432.000000
1575337859621601 261132484608.000000
1575337859621660 261561974784.000000
1575337859621719 261991464960.000000
1575337859621777 262420955136.000000
1575337859621836 262850445312.000000
1575337859621895 263279935488.000000
1575337859621953 263709425664.000000
1575337859622012 264138915840.000000
1575337859622071 264568406016.000000
1575337859622130 264997896192.000000
1575337859622188 265427386368.000000
1575337859622247 265856876544.000000
1575337859622306 266286366720.000000
1575337859622364 266715856896.000000
1575337859622422 267145347072.000000
1575337859622481 267574837248.000000
1575337859622540 268004327424.000000
1575337859622598 268433817600.000000
1575337859622657 268863307776.000000
1575337859622716 269292797952.000000
1575337859622775 269722288128.000000
1575337859622833 270151778304.000000
1575337859622892 270581268480.000000
1575337859622950 271010758656.000000
1575337859623009 271440248832.000000
1575337859623068 271869739008.000000
1575337859623127 272299229184.000000
1575337859623185 272728719360.000000
1575337859623244 273158209536.000000
1575337859623303 273587699712.000000
1575337859623361 274017189888.000000
1575337859623420 274446680064.000000
1575337859623479 274876170240.000000
1575337859623537 275305660416.000000
1575337859623596 275735150592.000000
1575337859623655 276164640768.000000
1575337859623713 276594130944.000000
1575337859623772 277023621120.000000
1575337859623831 277453111296.000000
1575337859623889 277882601472.000000
1575337859623948 278312091648.000000
1575337859624007 278741581824.000000
1575337859624066 279171072000.000000
1575337859624124 279600562176.000000
1575337859624183 280030052352.000000
1575337859624243 280459542528.000000
1575337859624301 280889032704.000000
1575337859624360 281318522880.000000
1575337859624419 281748013056.000000
1575337859624477 282177503232.000000
1575337859624537 282606993408.000000
1575337859624610 283036483584.000000
1575337859624669 283465973760.000000
1575337859624728 283895463936.000000
1575337859624787 284324954112.000000
1575337859624845 284754444288.000000
1575337859624904 285183934464.000000
1575337859624963 285613424640.000000
1575337859625021 286042914816.000000
1575337859625080 286472404992.000000
1575337859625139 286901895168.000000
1575337859625212 287331385344.000000
1575337859625272 287760875520.000000
1575337859625332 288190365696.000000
1575337859625392 288619855872.000000
1575337859625452 289049346048.000000
1575337859625512 289478836224.000000
1575337859625573 289908326400.000000
1575337859625632 290337816576.000000
1575337859625692 290767306752.000000
1575337859625752 291196796928.000000
1575337859625812 291626287104.000000
1575337859625873 292055777280.000000
1575337859625933 292485267456.000000
1575337859625993 292914757632.000000
1575337859626053 293344247808.000000
1575337859626113 293773737984.000000
1575337859626173 294203228160.000000
1575337859626233 294632718336.000000
1575337859626293 295062208512.000000
1575337859626353 295491698688.000000
1575337859626413 295921188864.000000
1575337859626473 296350679040.000000
1575337859626533 296780169216.000000
1575337859626593 297209659392.000000
1575337859626653 297639149568.000000
1575337859626714 298068639744.000000
1575337859626774 298498129920.000000
1575337859626834 298927620096.000000
1575337859626894 299357110272.000000
1575337859626954 299786600448.000000
1575337859627014 300216090624.000000
1575337859627074 300645580800.000000
1575337859627133 301075070976.000000
1575337859627193 301504561152.000000
1575337859627253 301934051328.000000
1575337859627313 302363541504.000000
1575337859627374 302793031680.000000
1575337859627434 303222521856.000000
1575337859627493 303652012032.000000
1575337859627554 304081502208.000000
1575337859627614 304510992384.000000
1575337859627674 304940482560.000000
1575337859627734 305369972736.000000
1575337859627794 305799462912.000000
1575337859627854 306228953088.000000
1575337859627914 306658443264.000000
1575337859627974 307087933440.000000
1575337859628034 307517423616.000000
1575337859628094 307946913792.000000
1575337859628154 308376403968.000000
1575337859628215 308805894144.000000
1575337859628275 309235384320.000000
1575337859628335 309664874496.000000
1575337859628395 310094364672.000000
1575337859628455 310523854848.000000
1575337859628515 310953345024.000000
1575337859628539 311382835200.000000
1575337859628601 311812325376.000000
1575337859628661 312241815552.000000
1575337859628721 312671305728.000000
1575337859628781 313100795904.000000
1575337859628841 313530286080.000000
1575337859628901 313959776256.000000
1575337859628961 314389266432.000000
1575337859629022 314818756608.000000
1575337859629082 315248246784.000000
1575337859629142 315677736960.000000
1575337859629202 316107227136.000000
1575337859629262 316536717312.000000
1575337859629323 316966207488.000000
1575337859629382 317395697664.000000
1575337859629442 317825187840.000000
1575337859629503 318254678016.000000
1575337859629563 318684168192.000000
1575337859629623 319113658368.000000
1575337859629683 319543148544.000000
1575337859629743 319972638720.000000
1575337859629803 320402128896.000000
1575337859629863 320831619072.000000
1575337859629924 321261109248.000000
1575337859629984 321690599424.000000
1575337859630044 322120089600.000000
1575337859630104 322549579776.000000
1575337859630177 322979069952.000000
1575337859630239 323408560128.000000
1575337859630301 323838050304.000000
1575337859630363 324267540480.000000
1575337859630425 324697030656.000000
1575337859630487 325126520832.000000
1575337859630549 325556011008.000000
1575337859630611 325985501184.000000
1575337859630673 326414991360.000000
1575337859630735 326844481536.000000
1575337859630797 327273971712.000000
1575337859630860 327703461888.000000
1575337859630922 328132952064.000000
1575337859630983 328562442240.000000
1575337859631045 328991932416.000000
1575337859631107 329421422592.000000
1575337859631169 329850912768.000000
1575337859631231 330280402944.000000
1575337859631293 330709893120.000000
1575337859631355 331139383296.000000
1575337859631417 331568873472.000000
1575337859631479 331998363648.000000
1575337859631541 332427853824.000000
1575337859631603 332857344000.000000
1575337859631664 333286834176.000000
1575337859631727 333716324352.000000
1575337859631788 334145814528.000000
1575337859631850 334575304704.000000
1575337859631912 335004794880.000000
1575337859631974 335434285056.000000
1575337859632036 335863775232.000000
1575337859632098 336293265408.000000
1575337859632160 336722755584.000000
1575337859632222 337152245760.000000
1575337859632284 337581735936.000000
1575337859632346 338011226112.000000
1575337859632408 338440716288.000000
1575337859632470 338870206464.000000
1575337859632531 339299696640.000000
1575337859632545 339729186816.000000
1575337859632607 340158676992.000000
1575337859632669 340588167168.000000
1575337859632733 341017657344.000000
1575337859632803 341447147520.000000
1575337859632872 341876637696.000000
1575337859632937 342306127872.000000
1575337859633000 342735618048.000000
1575337859633063 343165108224.000000
1575337859633125 343594598400.000000
1575337859633186 344024088576.000000
1575337859633249 344453578752.000000
1575337859633311 344883068928.000000
1575337859633373 345312559104.000000
1575337859633435 345742049280.000000
1575337859633497 346171539456.000000
1575337859633559 346601029632.000000
1575337859633621 347030519808.000000
1575337859633682 347460009984.000000
1575337859633744 347889500160.000000
1575337859633806 348318990336.000000
1575337859633868 348748480512.000000
1575337859633930 349177970688.000000
1575337859633992 349607460864.000000
1575337859634057 350036951040.000000
1575337859634119 350466441216.000000
1575337859634181 350895931392.000000
1575337859634243 351325421568.000000
1575337859634305 351754911744.000000
1575337859634366 352184401920.000000
1575337859634428 352613892096.000000
1575337859634490 353043382272.000000
1575337859634552 353472872448.000000
1575337859634614 353902362624.000000
1575337859634675 354331852800.000000
1575337859634737 354761342976.000000
1575337859634800 355190833152.000000
1575337859634861 355620323328.000000
1575337859634924 356049813504.000000
1575337859634986 356479303680.000000
1575337859635048 356908793856.000000
1575337859635110 357338284032.000000
1575337859635176 357767774208.000000
1575337859635239 358197264384.000000
1575337859635302 358626754560.000000
1575337859635364 359056244736.000000
1575337859635427 359485734912.000000
1575337859635490 359915225088.000000
1575337859635552 360344715264.000000
1575337859635615 360774205440.000000
1575337859635678 361203695616.000000
1575337859635740 361633185792.000000
1575337859635804 362062675968.000000
1575337859635867 362492166144.000000
1575337859635929 362921656320.000000
1575337859635992 363351146496.000000
1575337859636057 363780636672.000000
1575337859636120 364210126848.000000
1575337859636183 364639617024.000000
1575337859636246 365069107200.000000
1575337859636309 365498597376.000000
1575337859636372 365928087552.000000
1575337859636434 366357577728.000000
1575337859636497 366787067904.000000
1575337859636569 367216558080.000000
1575337859636634 367646048256.000000
1575337859636698 368075538432.000000
1575337859636761 368505028608.000000
1575337859636823 368934518784.000000
1575337859636886 369364008960.000000
1575337859636949 369793499136.000000
1575337859637013 370222989312.000000
1575337859637075 370652479488.000000
1575337859637138 371081969664.000000
1575337859637201 371511459840.000000
1575337859637264 371940950016.000000
1575337859637327 372370440192.000000
1575337859637390 372799930368.000000
1575337859637453 373229420544.000000
1575337859637516 373658910720.000000
1575337859637565 374088400896.000000
1575337859637629 374517891072.000000
1575337859637692 374947381248.000000
1575337859637755 375376871424.000000
1575337859637817 375806361600.000000
1575337859637880 376235851776.000000
1575337859637943 376665341952.000000
1575337859638005 377094832128.000000
1575337859638068 377524322304.000000
1575337859638143 377953812480.000000
1575337859638206 378383302656.000000
1575337859638269 378812792832.000000
1575337859638332 379242283008.000000
1575337859638395 379671773184.000000
1575337859638458 380101263360.000000
1575337859638520 380530753536.000000
1575337859638584 380960243712.000000
1575337859638646 381389733888.000000
1575337859638709 381819224064.000000
1575337859638772 382248714240.000000
1575337859638835 382678204416.000000
1575337859638897 383107694592.000000
1575337859638960 383537184768.000000
1575337859639022 383966674944.000000
1575337859639085 384396165120.000000
1575337859639148 384825655296.000000
1575337859639210 385255145472.000000
1575337859639273 385684635648.000000
1575337859639336 386114125824.000000
1575337859639398 386543616000.000000
1575337859639461 386973106176.000000
1575337859639524 387402596352.000000
1575337859639587 387832086528.000000
1575337859639649 388261576704.000000
1575337859639712 388691066880.000000
1575337859639775 389120557056.000000
1575337859639838 389550047232.000000
1575337859639900 389979537408.000000
1575337859639963 390409027584.000000
1575337859640026 390838517760.000000
1575337859640088 391268007936.000000
1575337859640151 391697498112.000000
1575337859640214 392126988288.000000
1575337859640277 392556478464.000000
1575337859640340 392985968640.000000
1575337859640403 393415458816.000000
1575337859640466 393844948992.000000
1575337859640528 394274439168.000000
1575337859640598 394703929344.000000
1575337859640662 395133419520.000000
1575337859640725 395562909696.000000
1575337859640788 395992399872.000000
1575337859640850 396421890048.000000
1575337859640913 396851380224.000000
1575337859640975 397280870400.000000
1575337859641038 397710360576.000000
1575337859641101 398139850752.000000
1575337859641164 398569340928.000000
1575337859641226 398998831104.000000
1575337859641289 399428321280.000000
1575337859641352 399857811456.000000
1575337859641415 400287301632.000000
1575337859641478 400716791808.000000
1575337859641541 401146281984.000000
1575337859641603 401575772160.000000
1575337859641666 402005262336.000000
1575337859641728 402434752512.000000
1575337859641791 402864242688.000000
1575337859641854 403293732864.000000
1575337859641916 403723223040.000000
1575337859641979 404152713216.000000
1575337859642042 404582203392.000000
1575337859642104 405011693568.000000
1575337859642167 405441183744.000000
1575337859642229 405870673920.000000
1575337859642292 406300164096.000000
1575337859642354 406729654272.000000
1575337859642417 407159144448.000000
1575337859642480 407588634624.000000
1575337859642543 408018124800.000000
1575337859642606 408447614976.000000
1575337859642668 408877105152.000000
1575337859642731 409306595328.000000
1575337859642794 409736085504.000000
1575337859642856 410165575680.000000
1575337859642918 410595065856.000000
1575337859642981 411024556032.000000
1575337859643043 411454046208.000000
1575337859643106 411883536384.000000
1575337859643169 412313026560.000000
1575337859643231 412742516736.000000
1575337859643294 413172006912.000000
1575337859643357 413601497088.000000
1575337859643421 414030987264.000000
1575337859643483 414460477440.000000
1575337859643546 414889967616.000000
1575337859643609 415319457792.000000
1575337859643671 415748947968.000000
1575337859643734 416178438144.000000
1575337859643797 416607928320.000000
1575337859643859 417037418496.000000
1575337859643922 417466908672.000000
1575337859643985 417896398848.000000
1575337859644047 418325889024.000000
1575337859644110 418755379200.000000
1575337859644173 419184869376.000000
1575337859644235 419614359552.000000
1575337859644298 420043849728.000000
1575337859644360 420473339904.000000
1575337859644423 420902830080.000000
1575337859644486 421332320256.000000
1575337859644568 421761810432.000000
1575337859644633 422191300608.000000
1575337859644696 422620790784.000000
1575337859644759 423050280960.000000
1575337859644822 423479771136.000000
1575337859644885 423909261312.000000
1575337859644947 424338751488.000000
1575337859645010 424768241664.000000
1575337859645073 425197731840.000000
1575337859645135 425627222016.000000
1575337859645198 426056712192.000000
1575337859645261 426486202368.000000
1575337859645324 426915692544.000000
1575337859645386 427345182720.000000
1575337859645449 427774672896.000000
1575337859645512 428204163072.000000
1575337859645575 428633653248.000000
1575337859645637 429063143424.000000
1575337859645700 429492633600.000000
1575337859645763 429922123776.000000
1575337859645825 430351613952.000000
1575337859645889 430781104128.000000
1575337859645952 431210594304.000000
1575337859646015 431640084480.000000
1575337859646077 432069574656.000000
1575337859646140 432499064832.000000
1575337859646203 432928555008.000000
1575337859646265 433358045184.000000
1575337859646328 433787535360.000000
1575337859646391 434217025536.000000
1575337859646454 434646515712.000000
1575337859646517 435076005888.000000
1575337859646580 435505496064.000000
1575337859646643 435934986240.000000
1575337859646705 436364476416.000000
1575337859646768 436793966592.000000
1575337859646831 437223456768.000000
1575337859646894 437652946944.000000
1575337859646956 438082437120.000000
1575337859647019 438511927296.000000
1575337859647083 438941417472.000000
1575337859647145 439370907648.000000
1575337859647208 439800397824.000000
1575337859647271 440229888000.000000
1575337859647333 440659378176.000000
1575337859647396 441088868352.000000
1575337859647459 441518358528.000000
1575337859647522 441947848704.000000
1575337859647585 442377338880.000000
1575337859647648 442806829056.000000
1575337859647711 443236319232.000000
1575337859647774 443665809408.000000
1575337859647836 444095299584.000000
1575337859647899 444524789760.000000
1575337859647962 444954279936.000000
1575337859648025 445383770112.000000
1575337859648087 445813260288.000000
1575337859648150 446242750464.000000
1575337859648213 446672240640.000000
1575337859648275 447101730816.000000
1575337859648338 447531220992.000000
1575337859648401 447960711168.000000
1575337859648464 448390201344.000000
1575337859648527 448819691520.000000
1575337859648594 449249181696.000000
1575337859648659 449678671872.000000
1575337859648723 450108162048.000000
1575337859648785 450537652224.000000
1575337859648848 450967142400.000000
1575337859648911 451396632576.000000
1575337859648974 451826122752.000000
1575337859649037 452255612928.000000
1575337859649099 452685103104.000000
1575337859649162 453114593280.000000
1575337859649225 453544083456.000000
1575337859649288 453973573632.000000
1575337859649351 454403063808.000000
1575337859649413 454832553984.000000
1575337859649476 455262044160.000000
1575337859649539 455691534336.000000
1575337859649602 456121024512.000000
1575337859649665 456550514688.000000
1575337859649728 456980004864.000000
1575337859649790 457409495040.000000
1575337859649855 457838985216.000000
1575337859649922 458268475392.000000
1575337859649989 458697965568.000000
1575337859650052 459127455744.000000
1575337859650115 459556945920.000000
1575337859650177 459986436096.000000
1575337859650240 460415926272.000000
1575337859650303 460845416448.000000
1575337859650366 461274906624.000000
1575337859650429 461704396800.000000
1575337859650491 462133886976.000000
1575337859650554 462563377152.000000
1575337859650617 462992867328.000000
1575337859650679 463422357504.000000
1575337859650742 463851847680.000000
1575337859650805 464281337856.000000
1575337859650867 464710828032.000000
1575337859650930 465140318208.000000
1575337859650993 465569808384.000000
1575337859651056 465999298560.000000
1575337859651119 466428788736.000000
1575337859651181 466858278912.000000
1575337859651244 467287769088.000000
1575337859651307 467717259264.000000
1575337859651369 468146749440.000000
1575337859651432 468576239616.000000
1575337859651495 469005729792.000000
1575337859651557 469435219968.000000
1575337859651620 469864710144.000000
1575337859651683 470294200320.000000
1575337859651745 470723690496.000000
1575337859651808 471153180672.000000
1575337859651871 471582670848.000000
1575337859651934 472012161024.000000
1575337859651996 472441651200.000000
1575337859652059 472871141376.000000
1575337859652133 473300631552.000000
1575337859652197 473730121728.000000
1575337859652259 474159611904.000000
1575337859652322 474589102080.000000
1575337859652385 475018592256.000000
1575337859652448 475448082432.000000
1575337859652510 475877572608.000000
1575337859652555 476307062784.000000
1575337859652620 476736552960.000000
1575337859652683 477166043136.000000
1575337859652746 477595533312.000000
1575337859652809 478025023488.000000
1575337859652873 478454513664.000000
1575337859652935 478884003840.000000
1575337859652998 479313494016.000000
1575337859653061 479742984192.000000
1575337859653124 480172474368.000000
1575337859653187 480601964544.000000
1575337859653249 481031454720.000000
1575337859653312 481460944896.000000
1575337859653375 481890435072.000000
1575337859653437 482319925248.000000
1575337859653500 482749415424.000000
1575337859653562 483178905600.000000
1575337859653625 483608395776.000000
1575337859653687 484037885952.000000
1575337859653750 484467376128.000000
1575337859653813 484896866304.000000
1575337859653876 485326356480.000000
1575337859653938 485755846656.000000
1575337859654001 486185336832.000000
1575337859654064 486614827008.000000
1575337859654127 487044317184.000000
1575337859654190 487473807360.000000
1575337859654252 487903297536.000000
1575337859654315 488332787712.000000
1575337859654378 488762277888.000000
1575337859654440 489191768064.000000
1575337859654504 489621258240.000000
1575337859654566 490050748416.000000
1575337859654629 490480238592.000000
1575337859654692 490909728768.000000
1575337859654755 491339218944.000000
1575337859654818 491768709120.000000
1575337859654881 492198199296.000000
1575337859654944 492627689472.000000
1575337859655007 493057179648.000000
1575337859655069 493486669824.000000
1575337859655132 493916160000.000000
1575337859655195 494345650176.000000
1575337859655257 494775140352.000000
1575337859655319 495204630528.000000
1575337859655383 495634120704.000000
1575337859655445 496063610880.000000
1575337859655507 496493101056.000000
1575337859655570 496922591232.000000
1575337859655633 497352081408.000000
1575337859655696 497781571584.000000
1575337859655759 498211061760.000000
1575337859655821 498640551936.000000
1575337859655884 499070042112.000000
1575337859655946 499499532288.000000
1575337859656009 499929022464.000000
1575337859656072 500358512640.000000
1575337859656134 500788002816.000000
1575337859656197 501217492992.000000
1575337859656260 501646983168.000000
1575337859656323 502076473344.000000
1575337859656385 502505963520.000000
1575337859656448 502935453696.000000
1575337859656510 503364943872.000000
1575337859656541 503794434048.000000
1575337859656605 504223924224.000000
1575337859656667 504653414400.000000
1575337859656730 505082904576.000000
1575337859656793 505512394752.000000
1575337859656856 505941884928.000000
1575337859656918 506371375104.000000
1575337859656981 506800865280.000000
1575337859657043 507230355456.000000
1575337859657106 507659845632.000000
1575337859657169 508089335808.000000
1575337859657231 508518825984.000000
1575337859657294 508948316160.000000
1575337859657356 509377806336.000000
1575337859657419 509807296512.000000
1575337859657482 510236786688.000000
1575337859657544 510666276864.000000
1575337859657608 511095767040.000000
1575337859657671 511525257216.000000
1575337859657733 511954747392.000000
1575337859657796 512384237568.000000
1575337859657859 512813727744.000000
1575337859657922 513243217920.000000
1575337859657985 513672708096.000000
1575337859658047 514102198272.000000
1575337859658110 514531688448.000000
1575337859658173 514961178624.000000
1575337859658236 515390668800.000000
1575337859658299 515820158976.000000
1575337859658361 516249649152.000000
1575337859658425 516679139328.000000
1575337859658488 517108629504.000000
1575337859658550 517538119680.000000
1575337859658613 517967609856.000000
1575337859658676 518397100032.000000
1575337859658738 518826590208.000000
1575337859658801 519256080384.000000
1575337859658863 519685570560.000000
1575337859658926 520115060736.000000
1575337859658989 520544550912.000000
1575337859659052 520974041088.000000
1575337859659114 521403531264.000000
1575337859659177 521833021440.000000
1575337859659240 522262511616.000000
1575337859659303 522692001792.000000
1575337859659366 523121491968.000000
1575337859659428 523550982144.000000
1575337859659491 523980472320.000000
1575337859659554 524409962496.000000
1575337859659617 524839452672.000000
1575337859659680 525268942848.000000
1575337859659742 525698433024.000000
1575337859659805 526127923200.000000
1575337859659868 526557413376.000000
1575337859659930 526986903552.000000
1575337859659993 527416393728.000000
1575337859660056 527845883904.000000
1575337859660118 528275374080.000000
1575337859660182 528704864256.000000
1575337859660245 529134354432.000000
1575337859660307 529563844608.000000
1575337859660370 529993334784.000000
1575337859660433 530422824960.000000
1575337859660495 530852315136.000000
1575337859660564 531281805312.000000
1575337859660629 531711295488.000000
1575337859660692 532140785664.000000
1575337859660754 532570275840.000000
1575337859660817 532999766016.000000
1575337859660879 533429256192.000000
1575337859660942 533858746368.000000
1575337859661004 534288236544.000000
1575337859661067 534717726720.000000
1575337859661130 535147216896.000000
1575337859661192 535576707072.000000
1575337859661255 536006197248.000000
1575337859661318 536435687424.000000
1575337859661381 536865177600.000000
1575337859661443 537294667776.000000
1575337859661506 537724157952.000000
1575337859661569 538153648128.000000
1575337859661632 538583138304.000000
1575337859661694 539012628480.000000
1575337859661757 539442118656.000000
1575337859661820 539871608832.000000
1575337859661882 540301099008.000000
1575337859661945 540730589184.000000
1575337859662007 541160079360.000000
1575337859662070 541589569536.000000
1575337859662133 542019059712.000000
1575337859662196 542448549888.000000
1575337859662259 542878040064.000000
1575337859662321 543307530240.000000
1575337859662384 543737020416.000000
1575337859662447 544166510592.000000
1575337859662509 544596000768.000000
1575337859662572 545025490944.000000
1575337859662635 545454981120.000000
1575337859662697 545884471296.000000
1575337859662760 546313961472.000000
1575337859662823 546743451648.000000
1575337859662885 547172941824.000000
1575337859662948 547602432000.000000
1575337859663011 548031922176.000000
1575337859663073 548461412352.000000
1575337859663137 548890902528.000000
1575337859663199 549320392704.000000
1575337859663262 549749882880.000000
1575337859663325 550179373056.000000
1575337859663387 550608896000.000000
1575337859663450 551038418944.000000
1575337859663513 551467941888.000000
1575337859663575 551897464832.000000
1575337859663638 552326987776.000000
1575337859663700 552756510720.000000
1575337859663763 553186033664.000000
1575337859663826 553615556608.000000
1575337859663888 554045079552.000000
1575337859663951 554474602496.000000
1575337859664014 554904125440.000000
1575337859664076 555333648384.000000
1575337859664139 555763171328.000000
1575337859664202 556192694272.000000
1575337859664265 556622217216.000000
1575337859664328 557051740160.000000
1575337859664391 557481263104.000000
1575337859664453 557910786048.000000
1575337859664516 558340308992.000000
1575337859664540 558769831936.000000
1575337859664604 559199354880.000000
1575337859664667 559628877824.000000
1575337859664730 560058400768.000000
1575337859664792 560487923712.000000
1575337859664855 560917446656.000000
1575337859664917 561346969600.000000
1575337859664980 561776492544.000000
1575337859665043 562206015488.000000
1575337859665105 562635538432.000000
1575337859665168 563065061376.000000
1575337859665230 563494584320.000000
1575337859665293 563924107264.000000
1575337859665356 564353630208.000000
1575337859665419 564783153152.000000
1575337859665482 565212676096.000000
1575337859665546 565642199040.000000
1575337859665608 566071721984.000000
1575337859665671 566501244928.000000
1575337859665734 566930767872.000000
1575337859665797 567360290816.000000
1575337859665860 567789813760.000000
1575337859665938 568219336704.000000
1575337859666007 568648859648.000000
1575337859666074 569078382592.000000
1575337859666137 569507905536.000000
1575337859666199 569937428480.000000
1575337859666262 570366951424.000000
1575337859666324 570796474368.000000
1575337859666387 571225997312.000000
1575337859666450 571655520256.000000
1575337859666513 572085043200.000000
1575337859666576 572514566144.000000
1575337859666639 572944089088.000000
1575337859666701 573373612032.000000
1575337859666764 573803134976.000000
1575337859666826 574232657920.000000
1575337859666889 574662180864.000000
1575337859666952 575091703808.000000
1575337859667014 575521226752.000000
1575337859667077 575950749696.000000
1575337859667140 576380272640.000000
1575337859667202 576809795584.000000
1575337859667265 577239318528.000000
1575337859667327 577668841472.000000
1575337859667390 578098364416.000000
1575337859667453 578527887360.000000
1575337859667516 578957410304.000000
1575337859667579 579386933248.000000
1575337859667642 579816456192.000000
1575337859667704 580245979136.000000
1575337859667767 580675502080.000000
1575337859667829 581105025024.000000
1575337859667891 581534547968.000000
1575337859667954 581964070912.000000
1575337859668017 582393593856.000000
1575337859668080 582823116800.000000
1575337859668143 583252639744.000000
1575337859668205 583682162688.000000
1575337859668268 584111685632.000000
1575337859668331 584541208576.000000
1575337859668393 584970731520.000000
1575337859668456 585400254464.000000
1575337859668519 585829777408.000000
1575337859668566 586259300352.000000
1575337859668631 586688823296.000000
1575337859668694 587118346240.000000
1575337859668757 587547869184.000000
1575337859668819 587977392128.000000
1575337859668882 588406915072.000000
1575337859668945 588836438016.000000
1575337859669009 589265960960.000000
1575337859669071 589695483904.000000
1575337859669133 590125006848.000000
1575337859669196 590554529792.000000
1575337859669258 590984052736.000000
1575337859669322 591413575680.000000
1575337859669384 591843098624.000000
1575337859669447 592272621568.000000
1575337859669509 592702144512.000000
1575337859669572 593131667456.000000
1575337859669635 593561190400.000000
1575337859669698 593990713344.000000
1575337859669761 594420236288.000000
1575337859669824 594849759232.000000
1575337859669887 595279282176.000000
1575337859669949 595708805120.000000
1575337859670012 596138328064.000000
1575337859670075 596567851008.000000
1575337859670137 596997373952.000000
1575337859670200 597426896896.000000
1575337859670262 597856419840.000000
1575337859670325 598285942784.000000
1575337859670387 598715465728.000000
1575337859670450 599144988672.000000
1575337859670513 599574511616.000000
1575337859670575 600004034560.000000
1575337859670637 600433557504.000000
1575337859670701 600863080448.000000
1575337859670763 601292603392.000000
1575337859670826 601722126336.000000
1575337859670889 602151649280.000000
1575337859670951 602581172224.000000
1575337859671014 603010695168.000000
1575337859671076 603440218112.000000
1575337859671139 603869741056.000000
1575337859671202 604299264000.000000
1575337859671264 604728786944.000000
1575337859671327 605158309888.000000
1575337859671390 605587832832.000000
1575337859671452 606017355776.000000
1575337859671515 606446878720.000000
1575337859671577 606876401664.000000
1575337859671640 607305924608.000000
1575337859671702 607735447552.000000
1575337859671765 608164970496.000000
1575337859671828 608594493440.000000
1575337859671891 609024016384.000000
1575337859671954 609453539328.000000
1575337859672016 609883062272.000000
1575337859672079 610312585216.000000
1575337859672141 610742108160.000000
1575337859672204 611171631104.000000
1575337859672267 611601154048.000000
1575337859672330 612030676992.000000
1575337859672393 612460199936.000000
1575337859672456 612889722880.000000
1575337859672519 613319245824.000000
1575337859672540 613748768768.000000
1575337859672603 614178291712.000000
1575337859672666 614607814656.000000
1575337859672729 615037337600.000000
1575337859672792 615466860544.000000
1575337859672855 615896383488.000000
1575337859672918 616325906432.000000
1575337859672980 616755429376.000000
1575337859673043 617184952320.000000
1575337859673106 617614475264.000000
1575337859673169 618043998208.000000
1575337859673232 618473521152.000000
1575337859673295 618903044096.000000
1575337859673357 619332567040.000000
1575337859673420 619762089984.000000
1575337859673482 620191612928.000000
1575337859673545 620621135872.000000
1575337859673608 621050658816.000000
1575337859673671 621480181760.000000
1575337859673734 621909704704.000000
1575337859673797 622339227648.000000
1575337859673859 622768750592.000000
1575337859673923 623198273536.000000
1575337859673986 623627796480.000000
1575337859674049 624057319424.000000
1575337859674112 624486842368.000000
1575337859674174 624916365312.000000
1575337859674236 625345888256.000000
1575337859674299 625775411200.000000
1575337859674362 626204934144.000000
1575337859674424 626634457088.000000
1575337859674488 627063980032.000000
1575337859674550 627493502976.000000
1575337859674613 627923025920.000000
1575337859674675 628352548864.000000
1575337859674737 628782071808.000000
1575337859674800 629211594752.000000
1575337859674863 629641117696.000000
1575337859674926 630070640640.000000
1575337859674989 630500163584.000000
1575337859675052 630929686528.000000
1575337859675114 631359209472.000000
1575337859675177 631788732416.000000
1575337859675240 632218255360.000000
1575337859675303 632647778304.000000
1575337859675365 633077301248.000000
1575337859675428 633506824192.000000
1575337859675491 633936347136.000000
1575337859675553 634365870080.000000
1575337859675616 634795393024.000000
1575337859675679 635224915968.000000
1575337859675742 635654438912.000000
1575337859675805 636083961856.000000
1575337859675868 636513484800.000000
1575337859675930 636943007744.000000
1575337859675993 637372530688.000000
1575337859676056 637802053632.000000
1575337859676118 638231576576.000000
1575337859676182 638661099520.000000
1575337859676244 639090622464.000000
1575337859676307 639520145408.000000
1575337859676370 639949668352.000000
1575337859676433 640379191296.000000
1575337859676496 640808714240.000000
1575337859676564 641238237184.000000
1575337859676629 641667760128.000000
1575337859676693 642097283072.000000
1575337859676756 642526806016.000000
1575337859676819 642956328960.000000
1575337859676882 643385851904.000000
1575337859676945 643815374848.000000
1575337859677007 644244897792.000000
1575337859677070 644674420736.000000
1575337859677133 645103943680.000000
1575337859677195 645533466624.000000
1575337859677258 645962989568.000000
1575337859677321 646392512512.000000
1575337859677384 646822035456.000000
1575337859677447 647251558400.000000
1575337859677509 647681081344.000000
1575337859677572 648110604288.000000
1575337859677635 648540127232.000000
1575337859677697 648969650176.000000
1575337859677760 649399173120.000000
1575337859677823 649828696064.000000
1575337859677886 650258219008.000000
1575337859677949 650687741952.000000
1575337859678012 651117264896.000000
1575337859678075 651546787840.000000
1575337859678138 651976310784.000000
1575337859678200 652405833728.000000
1575337859678263 652835356672.000000
1575337859678326 653264879616.000000
1575337859678388 653694402560.000000
1575337859678452 654123925504.000000
1575337859678514 654553448448.000000
1575337859678577 654982971392.000000
1575337859678640 655412494336.000000
1575337859678703 655842017280.000000
1575337859678765 656271540224.000000
1575337859678828 656701063168.000000
1575337859678891 657130586112.000000
1575337859678954 657560109056.000000
1575337859679016 657989632000.000000
1575337859679078 658419154944.000000
1575337859679142 658848677888.000000
1575337859679204 659278200832.000000
1575337859679267 659707723776.000000
1575337859679331 660137246720.000000
1575337859679393 660566769664.000000
1575337859679456 660996292608.000000
1575337859679519 661425815552.000000
1575337859679581 661855338496.000000
1575337859679644 662284861440.000000
1575337859679707 662714384384.000000
1575337859679780 663143907328.000000
1575337859679844 663573430272.000000
1575337859679907 664002953216.000000
1575337859679970 664432476160.000000
1575337859680032 664861999104.000000
1575337859680095 665291522048.000000
1575337859680157 665721044992.000000
1575337859680221 666150567936.000000
1575337859680283 666580090880.000000
1575337859680346 667009613824.000000
1575337859680409 667439136768.000000
1575337859680472 667868659712.000000
1575337859680534 668298182656.000000
1575337859680607 668727705600.000000
1575337859680672 669157228544.000000
1575337859680735 669586751488.000000
1575337859680798 670016274432.000000
1575337859680860 670445797376.000000
1575337859680923 670875320320.000000
1575337859680985 671304843264.000000
1575337859681048 671734366208.000000
1575337859681111 672163889152.000000
1575337859681174 672593412096.000000
1575337859681237 673022935040.000000
1575337859681299 673452457984.000000
1575337859681362 673881980928.000000
1575337859681425 674311503872.000000
1575337859681487 674741026816.000000
1575337859681550 675170549760.000000
1575337859681613 675600072704.000000
1575337859681676 676029595648.000000
1575337859681739 676459118592.000000
1575337859681802 676888641536.000000
1575337859681865 677318164480.000000
1575337859681928 677747687424.000000
1575337859681991 678177210368.000000
1575337859682053 678606733312.000000
1575337859682116 679036256256.000000
1575337859682179 679465779200.000000
1575337859682242 679895302144.000000
1575337859682305 680324825088.000000
1575337859682368 680754348032.000000
1575337859682432 681183870976.000000
1575337859682495 681613393920.000000
1575337859682558 682042916864.000000
1575337859682621 682472439808.000000
1575337859682684 682901962752.000000
1575337859682748 683331485696.000000
1575337859682810 683761008640.000000
1575337859682874 684190531584.000000
1575337859682937 684620054528.000000
1575337859682999 685049577472.000000
1575337859683062 685479100416.000000
1575337859683131 685908623360.000000
1575337859683197 686338146304.000000
1575337859683261 686767669248.000000
1575337859683324 687197192192.000000
1575337859683386 687626715136.000000
1575337859683449 688056238080.000000
1575337859683512 688485761024.000000
1575337859683575 688915283968.000000
1575337859683638 689344806912.000000
1575337859683701 689774329856.000000
1575337859683764 690203852800.000000
1575337859683828 690633375744.000000
1575337859683891 691062898688.000000
1575337859683953 691492421632.000000
1575337859684016 691921944576.000000
1575337859684079 692351467520.000000
1575337859684141 692780990464.000000
1575337859684204 693210513408.000000
1575337859684267 693640036352.000000
1575337859684330 694069559296.000000
1575337859684393 694499082240.000000
1575337859684455 694928605184.000000
1575337859684518 695358128128.000000
1575337859684565 695787651072.000000
1575337859684630 696217174016.000000
1575337859684694 696646696960.000000
1575337859684757 697076219904.000000
1575337859684820 697505742848.000000
1575337859684884 697935265792.000000
1575337859684947 698364788736.000000
1575337859685010 698794311680.000000
1575337859685073 699223834624.000000
1575337859685137 699653357568.000000
1575337859685200 700082880512.000000
1575337859685263 700512403456.000000
1575337859685326 700941926400.000000
1575337859685390 701371449344.000000
1575337859685453 701800972288.000000
1575337859685516 702230495232.000000
1575337859685580 702660018176.000000
1575337859685643 703089541120.000000
1575337859685706 703519064064.000000
1575337859685771 703948587008.000000
1575337859685834 704378109952.000000
1575337859685897 704807632896.000000
1575337859685960 705237155840.000000
1575337859686023 705666678784.000000
1575337859686087 706096201728.000000
1575337859686150 706525724672.000000
1575337859686213 706955247616.000000
1575337859686276 707384770560.000000
1575337859686339 707814293504.000000
1575337859686403 708243816448.000000
1575337859686466 708673339392.000000
1575337859686529 709102862336.000000
1575337859686593 709532385280.000000
1575337859686656 709961908224.000000
1575337859686719 710391431168.000000
1575337859686782 710820954112.000000
1575337859686845 711250477056.000000
1575337859686908 711680000000.000000
1575337859686972 712109522944.000000
1575337859687035 712539045888.000000
1575337859687098 712968568832.000000
1575337859687161 713398091776.000000
1575337859687224 713827614720.000000
1575337859687288 714257137664.000000
1575337859687351 714686660608.000000
1575337859687415 715116183552.000000
1575337859687479 715545706496.000000
1575337859687542 715975229440.000000
1575337859687605 716404752384.000000
1575337859687669 716834275328.000000
1575337859687732 717263798272.000000
1575337859687795 717693321216.000000
1575337859687859 718122844160.000000
1575337859687922 718552367104.000000
1575337859687985 718981890048.000000
1575337859688048 719411412992.000000
1575337859688111 719840935936.000000
1575337859688175 720270458880.000000
1575337859688238 720699981824.000000
1575337859688301 721129504768.000000
1575337859688365 721559027712.000000
1575337859688428 721988550656.000000
1575337859688491 722418073600.000000
1575337859688541 722847596544.000000
1575337859688605 723277119488.000000
1575337859688668 723706642432.000000
1575337859688731 724136165376.000000
1575337859688800 724565688320.000000
1575337859688864 724995211264.000000
1575337859688927 725424734208.000000
1575337859688989 725854257152.000000
1575337859689052 726283780096.000000
1575337859689115 726713303040.000000
1575337859689177 727142825984.000000
1575337859689240 727572348928.000000
1575337859689302 728001871872.000000
1575337859689365 728431394816.000000
1575337859689428 728860917760.000000
1575337859689490 729290440704.000000
1575337859689553 729719963648.000000
1575337859689616 730149486592.000000
1575337859689678 730579009536.000000
1575337859689741 731008532480.000000
1575337859689803 731438055424.000000
1575337859689866 731867578368.000000
1575337859689928 732297101312.000000
1575337859689991 732726624256.000000
1575337859690054 733156147200.000000
1575337859690116 733585670144.000000
1575337859690178 734015193088.000000
1575337859690241 734444716032.000000
1575337859690303 734874238976.000000
1575337859690366 735303761920.000000
1575337859690429 735733284864.000000
1575337859690491 736162807808.000000
1575337859690553 736592330752.000000
1575337859690617 737021853696.000000
1575337859690679 737451376640.000000
1575337859690742 737880899584.000000
1575337859690805 738310422528.000000
1575337859690868 738739945472.000000
1575337859690931 739169468416.000000
1575337859690993 739598991360.000000
1575337859691056 740028514304.000000
1575337859691119 740458037248.000000
1575337859691181 740887560192.000000
1575337859691244 741317083136.000000
1575337859691307 741746606080.000000
1575337859691369 742176129024.000000
1575337859691432 742605651968.000000
1575337859691495 743035174912.000000
1575337859691557 743464697856.000000
1575337859691620 743894220800.000000
1575337859691683 744323743744.000000
1575337859691745 744753266688.000000
1575337859691808 745182789632.000000
1575337859691870 745612312576.000000
1575337859691933 746041835520.000000
1575337859691996 746471358464.000000
1575337859692058 746900881408.000000
1575337859692121 747330404352.000000
1575337859692183 747759927296.000000
1575337859692246 748189450240.000000
1575337859692310 748618973184.000000
1575337859692372 749048496128.000000
1575337859692435 749478019072.000000
1575337859692497 749907542016.000000
1575337859692540 750337064960.000000
1575337859692604 750766587904.000000
1575337859692667 751196110848.000000
1575337859692730 751625633792.000000
1575337859692793 752055156736.000000
1575337859692855 752484679680.000000
1575337859692918 752914202624.000000
1575337859692981 753343725568.000000
1575337859693043 753773248512.000000
1575337859693105 754202771456.000000
1575337859693168 754632294400.000000
1575337859693231 755061817344.000000
1575337859693293 755491340288.000000
1575337859693356 755920863232.000000
1575337859693419 756350386176.000000
1575337859693482 756779909120.000000
1575337859693544 757209432064.000000
1575337859693607 757638955008.000000
1575337859693670 758068477952.000000
1575337859693744 758498000896.000000
1575337859693806 758927523840.000000
1575337859693869 759357046784.000000
1575337859693932 759786569728.000000
1575337859693995 760216092672.000000
1575337859694057 760645615616.000000
1575337859694120 761075138560.000000
1575337859694183 761504661504.000000
1575337859694246 761934184448.000000
1575337859694309 762363707392.000000
1575337859694372 762793230336.000000
1575337859694434 763222753280.000000
1575337859694497 763652276224.000000
1575337859694560 764081799168.000000
1575337859694622 764511322112.000000
1575337859694685 764940845056.000000
1575337859694748 765370368000.000000
1575337859694810 765799890944.000000
1575337859694873 766229413888.000000
1575337859694935 766658936832.000000
1575337859694998 767088459776.000000
1575337859695061 767517982720.000000
1575337859695123 767947505664.000000
1575337859695185 768377028608.000000
1575337859695248 768806551552.000000
1575337859695311 769236074496.000000
1575337859695373 769665597440.000000
1575337859695436 770095120384.000000
1575337859695499 770524643328.000000
1575337859695561 770954166272.000000
1575337859695624 771383689216.000000
1575337859695686 771813212160.000000
1575337859695749 772242735104.000000
1575337859695812 772672258048.000000
1575337859695875 773101780992.000000
1575337859695938 773531303936.000000
1575337859696001 773960826880.000000
1575337859696063 774390349824.000000
1575337859696126 774819872768.000000
1575337859696188 775249395712.000000
1575337859696251 775678918656.000000
1575337859696314 776108441600.000000
1575337859696376 776537964544.000000
1575337859696439 776967487488.000000
1575337859696502 777397010432.000000
1575337859696540 777826533376.000000
1575337859696605 778256056320.000000
1575337859696667 778685579264.000000
1575337859696729 779115102208.000000
1575337859696792 779544625152.000000
1575337859696854 779974148096.000000
1575337859696917 780403671040.000000
1575337859696980 780833193984.000000
1575337859697042 781262716928.000000
1575337859697105 781692239872.000000
1575337859697168 782121762816.000000
1575337859697230 782551285760.000000
1575337859697293 782980808704.000000
1575337859697355 783410331648.000000
1575337859697417 783839854592.000000
1575337859697480 784269377536.000000
1575337859697543 784698900480.000000
1575337859697605 785128423424.000000
1575337859697668 785557946368.000000
1575337859697730 785987469312.000000
1575337859697793 786416992256.000000
1575337859697855 786846515200.000000
1575337859697918 787276038144.000000
1575337859697980 787705561088.000000
1575337859698043 788135084032.000000
1575337859698106 788564606976.000000
1575337859698169 788994129920.000000
1575337859698233 789423652864.000000
1575337859698296 789853175808.000000
1575337859698358 790282698752.000000
1575337859698421 790712221696.000000
1575337859698483 791141744640.000000
1575337859698546 791571267584.000000
1575337859698608 792000790528.000000
1575337859698671 792430313472.000000
1575337859698733 792859836416.000000
1575337859698796 793289359360.000000
1575337859698859 793718882304.000000
1575337859698921 794148405248.000000
1575337859698983 794577928192.000000
1575337859699047 795007451136.000000
1575337859699110 795436974080.000000
1575337859699173 795866497024.000000
1575337859699235 796296019968.000000
1575337859699298 796725542912.000000
1575337859699362 797155065856.000000
1575337859699424 797584588800.000000
1575337859699486 798014111744.000000
1575337859699549 798443634688.000000
1575337859699612 798873157632.000000
1575337859699674 799302680576.000000
1575337859699737 799732203520.000000
1575337859699800 800161726464.000000
1575337859699863 800591249408.000000
1575337859699926 801020772352.000000
1575337859699989 801450295296.000000
1575337859700052 801879818240.000000
1575337859700115 802309341184.000000
1575337859700180 802738864128.000000
1575337859700249 803168387072.000000
1575337859700314 803597910016.000000
1575337859700377 804027432960.000000
1575337859700440 804456955904.000000
1575337859700502 804886478848.000000
1575337859700566 805316001792.000000
1575337859700631 805745524736.000000
1575337859700695 806175047680.000000
1575337859700758 806604570624.000000
1575337859700821 807034093568.000000
1575337859700884 807463616512.000000
1575337859700948 807893139456.000000
1575337859701011 808322662400.000000
1575337859701074 808752185344.000000
1575337859701137 809181708288.000000
1575337859701200 809611231232.000000
1575337859701264 810040754176.000000
1575337859701327 810470277120.000000
1575337859701390 810899800064.000000
1575337859701453 811329323008.000000
1575337859701516 811758845952.000000
1575337859701579 812188368896.000000
1575337859701643 812617891840.000000
1575337859701706 813047414784.000000
1575337859701769 813476937728.000000
1575337859701832 813906460672.000000
1575337859701895 814335983616.000000
1575337859701959 814765506560.000000
1575337859702022 815195029504.000000
1575337859702085 815624552448.000000
1575337859702149 816054075392.000000
1575337859702212 816483598336.000000
1575337859702275 816913121280.000000
1575337859702339 817342644224.000000
1575337859702402 817772167168.000000
1575337859702465 818201690112.000000
1575337859702528 818631213056.000000
1575337859702592 819060736000.000000
1575337859702655 819490258944.000000
1575337859702718 819919781888.000000
1575337859702781 820349304832.000000
1575337859702844 820778827776.000000
1575337859702907 821208350720.000000
1575337859702970 821637873664.000000
1575337859703033 822067396608.000000
1575337859703096 822496919552.000000
1575337859703159 822926442496.000000
1575337859703223 823355965440.000000
1575337859703286 823785488384.000000
1575337859703350 824215011328.000000
1575337859703413 824644534272.000000
1575337859703476 825074057216.000000
1575337859703539 825503580160.000000
1575337859703602 825933103104.000000
1575337859703665 826362626048.000000
1575337859703729 826792148992.000000
1575337859703792 827221671936.000000
1575337859703855 827651194880.000000
1575337859703918 828080717824.000000
1575337859703981 828510240768.000000
